Optimization Results
================================================================================
Method: CG
Number of optimization steps: 5
Energies: [-1.13439977 -1.13615437 -1.13711707 -1.13711707 -1.13711707]
Fidelities: [0.9982984138466003, 0.9993971529865235, 0.9999999998725448, 0.9999999999545808, 0.9999999999999931]
--------------------------------------------------------------------------------
Method: BFGS
Number of optimization steps: 4
Energies: [-1.13439977 -1.13615437 -1.13711707 -1.13711707]
Fidelities: [0.9982984138466003, 0.9993971529865235, 0.9999999998725448, 0.9999999999999927]
--------------------------------------------------------------------------------
Method: COBYLA
Number of optimization steps: 44
Energies: [-1.13439977 -0.58678343 -0.58678343 -0.06735773 -0.00938651 -0.73388442
 -1.08215947 -1.11235518 -1.07128958 -1.10975524 -1.12993438 -1.13638468
 -1.13529352 -1.13624355 -1.13392124 -1.1370367  -1.1368166  -1.13703329
 -1.13704977 -1.13699048 -1.13701707 -1.13709257 -1.13710446 -1.13707511
 -1.13709164 -1.13710262 -1.13709324 -1.13710562 -1.13710369 -1.1371101
 -1.13711322 -1.13711487 -1.13711507 -1.13711597 -1.13711702 -1.13711642
 -1.13711604 -1.13711679 -1.13711692 -1.13711705 -1.137117   -1.13711706
 -1.13711706 -1.13711707]
Fidelities: [0.9982984138466003, 0.2914298434971534, 0.291429843497154, 0.3301115451827057, 0.18471703809514178, 0.7149165017831266, 0.9342023091425274, 0.9781632350088622, 0.9564653300156382, 0.9776309052904921, 0.9933169645033678, 0.9995254208999639, 0.9985916415688173, 0.9993393517167398, 0.9975760031869791, 0.9999322754665027, 0.9997207287485522, 0.9999035631958589, 0.9999323729931676, 0.9998954906360077, 0.9999018192713802, 0.9999663767826997, 0.9999791534256194, 0.9999605681133926, 0.9999576104523442, 0.9999862096042172, 0.9999611778977927, 0.9999808576279772, 0.9999779252487266, 0.9999883958406587, 0.9999937553499078, 0.9999966713545534, 0.9999976017900462, 0.9999987320488495, 0.9999999483698037, 0.9999993758775104, 0.9999988045338257, 0.9999997957266755, 0.9999998407055771, 0.9999999811024297, 0.9999999335860958, 0.9999999958633456, 0.9999999850984851, 0.9999999986372812]
--------------------------------------------------------------------------------
================================================================================
End of Results
