VQE Optimization Results
================================================================================
Method: COBYLA
--------------------------------------------------------------------------------
Evaluated energy for each step: [1.567537218146655, 1.51570307909306, 0.40628552982075417, 0.3492390417710155, 0.3372377101777262, 0.8531429865411518, 1.1633544030633873, 0.3285765243667289, 1.244876797527922, -0.3781745937639587, -0.629034001994718, 0.09743786859344573, -0.5935392092295666, -0.28551275291594735, -0.3948043435036318, -0.9896389793122917, -0.8885173298289831, -1.0527930467328286, -1.0414707307099178, -0.911989890832031, -0.2513961537477885, -1.0096478014236014, -0.9989949534309237, -1.0155851528032835, -1.0523605236972877, -1.0930685456404188, -1.1564944587903687, -1.201622713023653, -1.203249815296684, -1.1831010164394558, -0.9024301540463591, -1.2987569611495449, -1.4238125659240035, -1.3832708114548193, -1.3622866976541301, -1.4876467474853652, -1.4895465364793774, -1.3603431056432662, -1.5087798360583125, -1.4722689783001461, -1.487792767312404, -1.514648993616175, -1.4914872786306768, -1.4632050325854504, -1.5110240868011304, -1.5148803328277127, -1.527477769168123, -1.4678537866326122, -1.5153637840121195, -1.49609979145732, -1.548242692498429, -1.556782994412729, -1.5625434529126783, -1.5603518433266292, -1.5604112379860386, -1.5261535141706997, -1.5607677091675043, -1.5810576253451643, -1.5831790280853113, -1.5809239605243222, -1.5742250166500844, -1.5804098742867736, -1.5928799868681083, -1.5985218305724633, -1.6007854750792498, -1.6004430068369533, -1.6011778415943407, -1.5952774016097684, -1.5987528456108249, -1.6039170287219113, -1.6020950469273585, -1.6075262040988056, -1.607701011592548, -1.6053035314921682, -1.609323117849337, -1.6093892192946861, -1.6095659468542076, -1.6175441503082804, -1.6156299788411566, -1.6169212378338678, -1.620510001572019, -1.6207488733424624, -1.620829991307505, -1.6250174004907367, -1.6186225161601124, -1.6265102854591327, -1.6285573927014463, -1.6320703246321142, -1.6349463397273236, -1.6334185540433588, -1.63398582611849, -1.636090448604652, -1.6357199239113374, -1.630430580984086, -1.6350691132738684, -1.6384679833844238, -1.6387963907126477, -1.6382638681717216, -1.635405338881237, -1.6373115273911631, -1.638922104107871, -1.6386794433784924, -1.6381129472683205, -1.6387678449421348, -1.6379619260322478, -1.6370498058347038, -1.637854717430526, -1.6400330439225959, -1.6393778187943915, -1.6398482480077181, -1.6395343105952958, -1.6394772308502064, -1.6397522755984353, -1.6393258662514356, -1.640890628083177, -1.6404655691816614, -1.6408636809997132, -1.641586463314587, -1.6416982596942802, -1.6414909164870217, -1.642348971418773, -1.6420851318225531, -1.641478034136116, -1.6429715090506485, -1.6425803554193592, -1.642658267034365, -1.6431881882911032, -1.6432330245909372, -1.6427712292929266, -1.6434655713112514, -1.643726937998946, -1.642698257524174, -1.6433384548695988, -1.6435252230228425, -1.6439120452731584, -1.6435410344204116, -1.643835152472719, -1.6436954713017187, -1.6438585538371637, -1.64368480572411, -1.6440087014401108, -1.6443215394215451, -1.6442527431178404, -1.6443546796251278, -1.644147824151099, -1.6443228669679566, -1.644464637905536, -1.6443817951006487, -1.6444666110655206, -1.6443941685286467, -1.6443830700060518, -1.6444476224641018, -1.6443500507999447, -1.6444429003631869, -1.6445452121780109, -1.6444999121804802, -1.644509242478493, -1.6445558779727338, -1.6445571498494702, -1.6445441662569051, -1.6445636712098952, -1.6445961278583148, -1.644574109548619, -1.644611337211429, -1.6445569585913216, -1.644611898560511, -1.6445671623770524, -1.6446161517815479, -1.644619297001994, -1.644629819073851, -1.6446264177663488, -1.6446125701768484, -1.644630525310601, -1.6446442744060519, -1.6446574845279325, -1.644665649122283, -1.6446651209576153, -1.6446623715705564, -1.6446723058994146, -1.6446667234295023, -1.6446728339461691, -1.6446674122866596, -1.644674467889693, -1.644661913676221, -1.6446687646593192, -1.644673312509695, -1.6446722483695457, -1.6446704232089613, -1.6446733783269527, -1.6446722156709772, -1.6446764533407774, -1.644678782527834, -1.644679890945674, -1.6446819717798784, -1.644683632408861, -1.6446851175143846, -1.6446844945180679, -1.644684641567269, -1.6446855723874314, -1.6446851132352787]
Minimum VQE energy: -1.6446855723874314
Theta optimization updated: [2.6878784958998545, 1.511518554944115, 1.5255086345871003, 3.225318454443519, 0.3951091049404293, 0.7505770998020527, 2.195710748163695, 0.2047230510058373, 1.6098272338291693]

Method: Nelder-Mead
--------------------------------------------------------------------------------
Evaluated energy for each step: [1.8714018145528137, 1.8715068850658922, 1.8519079599793802, 1.8765911953670686, 1.8716661940967143, 1.8737431940463622, 1.8739546725490492, 1.8663561750843058, 1.8747633997280084, 1.8704056626004333, 1.8624181853471433, 1.86206563087137, 1.8591849237048432, 1.8566154522161107, 1.85393784696981, 1.851700827396548, 1.840488699843397, 1.8450538517458575, 1.8402064123959776, 1.8233047979489354, 1.8337521850073994, 1.831649367973163, 1.8246757636472437, 1.8206870228199916, 1.7987864480381421, 1.810278391675605, 1.802561441798283, 1.7921690598378737, 1.7559573721045503, 1.7815637143428888, 1.77050614237141, 1.7634852286981908, 1.7500881354619235, 1.7014478510724114, 1.7319559024622844, 1.7096728694225645, 1.700480442854183, 1.634768954127997, 1.6692965707748977, 1.641603998746098, 1.6306731954435105, 1.5411517591517105, 1.5870090933826253, 1.555051538759662, 1.5177552340393938, 1.3810492846846276, 1.4602717948492046, 1.426467090809694, 1.372728194204135, 1.184795285720916, 1.2989869318109564, 1.255351053497397, 1.1710023715353417, 0.9276730399498563, 1.069310200042062, 1.0027622598113457, 0.894605885991322, 0.5811082779372106, 0.7933080429149827, 0.6932346941825351, 0.5688574832211319, 0.20562260244968328, 0.4468220557763435, 0.31469932795742067, 0.22832976334928354, 0.15713201882113068, -0.15888497973385202, -0.031470713500337005, -0.18094856088896402, -0.5610435994068436, -0.3133304052700992, -0.42183449805627626, -0.4931199784524757, -0.5814255193367412, -0.7884675505255506, -0.7157423660325787, -0.7636439373497768, -0.8144270347331267, -0.7413582251158913, -0.8628098236304172, -0.836183198717708, -0.9195350395028234, -0.8016274293837626, -0.9086532950024739, -0.8938076431114521, -0.857302335210272, -0.6245379962762745, -0.8653569460485155, -0.7510755100086047, -0.878824928725725, -0.7232793873735106, -0.8471792291734778, -0.83184852763257, -0.8316309567928117, -0.8939778799588427, -0.8324687694365118, -0.8764687950602512, -0.8036433419908291, -0.8855658971757026, -0.866129578090198, -0.867282346256183, -0.9203542426308212, -0.9201480920335562, -0.8537592202504116, -0.8960923762053756, -0.8684070787092817, -0.894930962791979, -0.9263830374352526, -0.9197475597407159, -0.9155424578255935, -0.9399437598880516, -0.9493724289912928, -0.9329507384781579, -0.8762010837398446, -0.9232123392819451, -0.9515531323225573, -0.959311441755148, -0.9699645324362665, -0.9876141517238005, -0.9903740583087977, -1.0297513188339198, -0.9415699649309506, -0.9587085925143433, -0.9216884093592919, -0.9591042376041357, -1.011140586964745, -1.0322028323184376, -1.0763825316005178, -0.8388736158335905, -0.9809853665582629, -1.0335441332870372, -1.060091391020819, -1.0522465501944405, -1.0688288813151443, -1.1133903345818987, -1.1787330888079173, -1.1291541854467504, -1.134148400129241, -1.1418352037109902, -1.1625530003512992, -1.1946346504897245, -1.252437362019165, -1.2133634620776816, -1.2220265427494272, -1.2551391142810924, -1.2904024831881717, -1.2507337593420884, -1.2273899870111507, -1.3000530936818604, -1.3079305035021407, -1.2882712842322654, -1.2809137774708423, -1.2017173424966747, -1.2697022025039333, -1.197233222893627, -1.2651350619576707, -1.2718194869421338, -1.312185412450883, -1.265893258837406, -1.2958035731819437, -1.1781526128357767, -1.2961616504421107, -1.2046314797965474, -1.2978235202739172, -1.3314929370072925, -1.3433935944281965, -1.3076858692131388, -1.277159094772133, -1.3077733987704045, -1.3415694304324708, -1.345523379881394, -1.3494132938446954, -1.3259467444388742, -1.3448874225215388, -1.3532454788079016, -1.3237193957368971, -1.3107011632143888, -1.3692469396048055, -1.3689160314288864, -1.3651615795720269, -1.3214592801827667, -1.4021730169394389, -1.4310996938444431, -1.352201352169832, -1.292744035406314, -1.3640867857453989, -1.36929580975549, -1.3820448212471423, -1.4193887651690686, -1.4127197410588246, -1.3906222318539476, -1.4356822727095837, -1.4484731005053504, -1.4114388056318055, -1.4529899789976093, -1.4592976687821255, -1.4673816859149929, -1.4652742732569977, -1.4557319286313792, -1.4214493287817207, -1.4846707543783921, -1.4740175983801582, -1.4260740608789495, -1.45929998446848, -1.4202589828888033, -1.4552115678727646, -1.4552894524626254, -1.4615527772522756, -1.4610307390537431, -1.4571111664848713, -1.4312620630570623, -1.4749315664904898, -1.463162696797817, -1.4227960577604815, -1.4758002807587363, -1.4514711297264817, -1.474370035196356, -1.466693001994166, -1.4548409032080516, -1.474804775630368, -1.45724730316891, -1.4752851525170845, -1.449520987271215, -1.4764274809482725, -1.4726790745884677, -1.450749343297476, -1.4783044681747415, -1.483666927028553, -1.46767914760993, -1.4804661600089255, -1.4750771763534587, -1.4855304861335468, -1.483517124989727, -1.485567536612773, -1.4801961906627605, -1.4726747226120664, -1.482046450312846, -1.4852741036726496, -1.486645181402673, -1.477446607989728, -1.489905135734467, -1.4852584059377336, -1.489051346557988, -1.4938522839211066, -1.4937249974046534, -1.4915174237675513, -1.4765700101386934, -1.489831591021524, -1.4961737923638088, -1.4984261066351352, -1.4829664038808004, -1.4910805023369766, -1.4983378055144179, -1.4996510533807261, -1.5005942562561763, -1.4997752386764538, -1.493993675222601, -1.506643384481924, -1.5138339812004453, -1.5095659046043606, -1.5088099244394197, -1.499560163822545, -1.5040690506139536, -1.514101416253196, -1.515321228656641, -1.5141835193438904, -1.516684958044334, -1.5144914700090886, -1.5088528204842373, -1.5254031768475196, -1.5325270076853343, -1.5345845117521224, -1.5483720296106949, -1.5257868425988306, -1.530674059830481, -1.5392668833954752, -1.539756468952893, -1.5453796906979358, -1.5386214608354847, -1.5592819966550475, -1.572102747781942, -1.5618913586163914, -1.5649554101619496, -1.5648386689222946, -1.5781163914003924, -1.589837728055149, -1.566480730012069, -1.5837357118069495, -1.5903726873860309, -1.5904188098419996, -1.5963837979381819, -1.5942042975947883, -1.606900100499995, -1.6113813718822103]
Minimum VQE energy: -1.6113813718822103
Theta optimization updated: [0.004280360795495847, 3.4243822649535822, -0.7508074396352891, 1.6237112231669073, -1.5364989051957636, 0.7237592643205493, 1.9839669258256896, -0.34628910067510843, 0.026608033367437556]

Method: BFGS
--------------------------------------------------------------------------------
Evaluated energy for each step: [1.3537652964718017, 1.3537652946350398, 1.3537652837885301, 1.3537653001073213, 1.3537653077156746, 1.3537652951542027, 1.353765299765976, 1.3537652860110652, 1.353765299441859, 1.3537652834514358, -0.34710620101581857, -0.34710620119272034, -0.34710621033956524, -0.34710619814135035, -0.34710619626183004, -0.3471062050587067, -0.34710620225738814, -0.34710621247487117, -0.3471061943993706, -0.3471062085690579, -0.5227747110966163, -0.5227747142775843, -0.5227747026763597, -0.5227747122484383, -0.5227747141074891, -0.5227747058705114, -0.5227747053346934, -0.5227747131086861, -0.5227747185679444, -0.5227747104532521, -0.8484852970114138, -0.8484852990575353, -0.8484852906916327, -0.8484852983745075, -0.8484852993400185, -0.8484852918615484, -0.8484852923015878, -0.848485299233273, -0.8484853030863193, -0.848485296350098, -1.2124617784951508, -1.2124617789337786, -1.212461777717644, -1.2124617782322273, -1.212461778509889, -1.2124617795532495, -1.212461778585163, -1.2124617795123003, -1.2124617792498202, -1.2124617791783647, -1.232924989749356, -1.2329249903611292, -1.232924989531026, -1.2329249898776282, -1.2329249894932706, -1.2329249907905175, -1.232924988899495, -1.2329249907895063, -1.2329249902100803, -1.232924990270476, -1.2780031248926784, -1.2780031261615414, -1.278003124479763, -1.2780031252454984, -1.278003124084529, -1.2780031266316612, -1.278003122856438, -1.2780031254264481, -1.2780031253481257, -1.278003125518215, -1.0820521810029877, -1.0820521750254575, -1.0820521701046435, -1.0820521779295524, -1.08205218799376, -1.0820521839060842, -1.082052187416555, -1.0820521686771862, -1.082052182316534, -1.08205217336573, -1.334959845211158, -1.3349598464326249, -1.334959842559803, -1.3349598449819937, -1.334959844873948, -1.334959848441203, -1.334959843417993, -1.3349598434086258, -1.3349598461226182, -1.334959845025871, -0.21347423490724363, -0.21347421990227147, -0.2134742225173399, -0.21347422942977504, -0.2134742481217331, -0.21347423336385693, -0.21347424992076358, -0.2134742190638182, -0.21347423596023118, -0.21347422190458343, -1.3474800223986318, -1.3474800232102784, -1.3474800190834888, -1.3474800219252172, -1.3474800225578094, -1.3474800257040596, -1.347480021259651, -1.3474800198236794, -1.3474800235074478, -1.3474800217050114, -1.3700846134984226, -1.3700846139857181, -1.3700846104554256, -1.3700846129688113, -1.3700846138755045, -1.3700846161879683, -1.3700846129614563, -1.3700846109730382, -1.3700846147119432, -1.3700846127022608, -1.405269287767503, -1.4052692877889246, -1.4052692861557172, -1.4052692873026578, -1.4052692882087767, -1.4052692891277572, -1.4052692879881084, -1.4052692860511313, -1.405269289012339, -1.4052692871733286, -1.429125102432438, -1.429125102273469, -1.429125102796501, -1.4291251022329272, -1.4291251025569545, -1.4291251024776523, -1.42912510282367, -1.4291251019576103, -1.42912510348419, -1.4291251023994442, -1.4377399990348794, -1.4377399991137874, -1.4377399996344542, -1.437739998917374, -1.4377399988721808, -1.4377399990350386, -1.4377399990373445, -1.437739998577251, -1.4377399996726052, -1.4377399992973678, -1.4482754127298585, -1.448275413105478, -1.448275413435893, -1.4482754127285022, -1.448275412424068, -1.4482754127424422, -1.4482754123053978, -1.4482754120994397, -1.4482754127873396, -1.4482754131225637, -1.4596061507542164, -1.4596061519119041, -1.4596061517649637, -1.4596061509921994, -1.459606150100157, -1.4596061506965985, -1.459606149555381, -1.4596061504170261, -1.4596061503083195, -1.45960615143458, -1.4760114190356979, -1.4760114208038653, -1.4760114195964866, -1.476011419322135, -1.4760114183824198, -1.4760114187732998, -1.4760114173878376, -1.4760114182358344, -1.476011417591049, -1.4760114197683372, -1.4927886923959504, -1.4927886944050743, -1.4927886926968263, -1.4927886931954206, -1.4927886901165885, -1.4927886925777794, -1.49278869057665, -1.4927886929803005, -1.4927886906168872, -1.4927886952132086, -1.5252266120292266, -1.525226613990759, -1.5252266126086726, -1.5252266125694207, -1.525226609695587, -1.5252266119475502, -1.5252266101919447, -1.5252266129851437, -1.5252266104984349, -1.5252266146756241, -1.6084233592869535, -1.6084233589249761, -1.608423358570871, -1.6084233589337298, -1.6084233571907984, -1.6084233588316497, -1.6084233596591315, -1.6084233601958322, -1.6084233586098813, -1.6084233613063357, -1.4992271876351617, -1.4992271893761153, -1.4992271834436273, -1.4992271893584777, -1.4992271909583756, -1.4992271908998624, -1.4992271853382384, -1.4992271824366428, -1.4992271902213974, -1.4992271845914587, -1.6272739423188463, -1.6272739429260417, -1.6272739410617427, -1.6272739423293232, -1.627273941721497, -1.6272739425958878, -1.6272739417036828, -1.6272739417308035, -1.627273942512765, -1.627273942843499, -1.6347248586943022, -1.634724858672712, -1.6347248572103592, -1.6347248583622065, -1.6347248588980112, -1.6347248584289895, -1.6347248587150085, -1.6347248575884137, -1.634724858716694, -1.6347248584307112, -1.6431098970041287, -1.64310989719529, -1.6431098969831865, -1.6431098967464821, -1.6431098970271258, -1.6431098967474662, -1.6431098967994369, -1.6431098970547797, -1.6431098970489892, -1.6431098969473823, -1.6436966309726382, -1.643696630883253, -1.643696630953303, -1.6436966309946797, -1.6436966310285535, -1.6436966310001067, -1.6436966310385928, -1.643696631047125, -1.6436966310875776, -1.6436966309285512, -1.643769369875834, -1.6437693700639466, -1.6437693700955582, -1.6437693698815814, -1.643769369975814, -1.6437693697753921, -1.6437693696692333, -1.6437693698395828, -1.6437693698878302, -1.6437693697840927, -1.6438931689056508, -1.6438931690469327, -1.6438931690727374, -1.6438931689192129, -1.643893168969814, -1.6438931688265193, -1.6438931687454632, -1.6438931688982488, -1.6438931689195426, -1.643893168848223, -1.6440247445617628, -1.6440247445742733, -1.644024744588137, -1.6440247446069538, -1.6440247445579828, -1.6440247445426475, -1.644024744528706, -1.6440247445829617, -1.644024744568888, -1.644024744570002, -1.6440358972926359, -1.6440358972999716, -1.6440358973068219, -1.6440358973353626, -1.6440358972864322, -1.6440358972810412, -1.6440358972637767, -1.6440358973110776, -1.6440358972969535, -1.6440358973024556, -1.6440558897302233, -1.644055889735039, -1.6440558897336446, -1.6440558897658775, -1.6440558897252857, -1.6440558897295745, -1.6440558897019248, -1.6440558897424153, -1.6440558897283333, -1.644055889737351, -1.6440863164693524, -1.6440863164759438, -1.6440863164631712, -1.644086316488732, -1.6440863164713047, -1.6440863164876978, -1.6440863164351383, -1.6440863164686632, -1.6440863164538284, -1.6440863164668702, -1.6441040899524644, -1.6441040899653243, -1.6441040899453125, -1.6441040899533326, -1.6441040899646622, -1.6441040899880437, -1.6441040899075952, -1.644104089937985, -1.6441040899222008, -1.644104089937041, -1.644114801683585, -1.6441148016985672, -1.644114801678891, -1.644114801679174, -1.6441148016985478, -1.6441148017240172, -1.6441148016353908, -1.6441148016664815, -1.644114801649094, -1.6441148016647467, -1.644135283016444, -1.6441352830343487, -1.644135283015554, -1.6441352830058527, -1.6441352830346527, -1.644135283060616, -1.6441352829643079, -1.6441352829966924, -1.644135282978013, -1.6441352829936415, -1.644173951560015, -1.6441739515843017, -1.6441739515668192, -1.644173951538877, -1.6441739515836062, -1.644173951606456, -1.644173951500641, -1.6441739515361737, -1.644173951517316, -1.6441739515306033, -1.6442412318097999, -1.644241231850912, -1.6442412318362647, -1.644241231764932, -1.6442412318446913, -1.6442412318526503, -1.644241231733707, -1.6442412317775104, -1.6442412317632917, -1.6442412317662252, -1.644320332814346, -1.6443203328974758, -1.6443203328961382, -1.6443203327097302, -1.6443203328728115, -1.6443203328338534, -1.644320332700845, -1.6443203327640854, -1.6443203327712763, -1.6443203327401144, -1.644416738997758, -1.6444167390590763, -1.6444167390722964, -1.6444167389134272, -1.6444167390357183, -1.6444167390177649, -1.6444167389100761, -1.6444167389749609, -1.6444167389634614, -1.6444167389471172, -1.6445674435987199, -1.6445674436342888, -1.644567443645016, -1.6445674435494326, -1.644567443616821, -1.6445674436047277, -1.6445674435453759, -1.6445674435932696, -1.6445674435839746, -1.6445674435737043, -1.6446581423544837, -1.6446581423966944, -1.64465814240048, -1.6446581423188325, -1.6446581423675053, -1.644658142328056, -1.6446581423052866, -1.6446581423477669, -1.6446581423666684, -1.6446581423394468, -1.6446575150006815, -1.6446575149790195, -1.6446575149646343, -1.6446575150533769, -1.6446575149825193, -1.644657515001347, -1.644657515016158, -1.6446575150184244, -1.644657515002733, -1.6446575150237062, -1.644670698544417, -1.6446706985549107, -1.6446706985501103, -1.6446706985522048, -1.6446706985422, -1.6446706985312267, -1.6446706985273694, -1.644670698549803, -1.6446706985517703, -1.6446706985481383, -1.644686220333602, -1.6446862203498118, -1.6446862203518418, -1.644686220328648, -1.6446862203416563, -1.6446862203108918, -1.644686220315598, -1.644686220327376, -1.6446862203442607, -1.644686220326501, -1.6446920228940825, -1.6446920229021111, -1.6446920229048627, -1.644692022887239, -1.6446920228984672, -1.6446920228798727, -1.644692022885847, -1.6446920228915487, -1.6446920228996857, -1.6446920228897541, -1.6446935183589215, -1.6446935183574367, -1.64469351835844, -1.6446935183599898, -1.6446935183590712, -1.644693518358214, -1.6446935183603084, -1.6446935183593394, -1.6446935183580842, -1.6446935183587763, -1.6446935515891474, -1.6446935515891918, -1.6446935515896424, -1.6446935515885979, -1.6446935515890722, -1.6446935515888048, -1.6446935515891647, -1.6446935515894723, -1.6446935515890913, -1.6446935515891634, -1.6446935535851648, -1.6446935535851137, -1.644693553585233, -1.6446935535850957, -1.6446935535851384, -1.644693553585079, -1.6446935535852276, -1.6446935535852694, -1.6446935535851421, -1.644693553585181, -1.6446935536820853, -1.6446935536820761, -1.6446935536820868, -1.6446935536820986, -1.6446935536820877, -1.6446935536820835, -1.6446935536820961, -1.6446935536820895, -1.6446935536820846, -1.644693553682085]
Minimum VQE energy: -1.6446935536820853
Theta optimization updated: [2.3006669256450563, 2.405825413636041, -0.21265750525812088, -0.8290622182840701, 1.466654819687845, -0.3881348879594494, 2.71354589989815, 1.7873524497116762, 2.949273682325382]

================================================================================
End of Results
